timeStep pedestrianId sk-PID5 kNearestNeighbors-PID5
4 11 1.0838984956741506 -0.5361728712247453 -1.3452441208892303 1.204907506882976 -0.35763475573530545 -1.0554571472361642 -0.19896099866473715 -0.36978828270932507 -0.792452709991391 0.6652493522301333 -0.37961342027194167
4 14 1.109374900651755 -0.0922405906906203 -1.4175198008789032 1.0554571472361642 0.19896099866473715 0.5192842760114189 -1.1462831222244931 0.6856688645268392 -0.5934917113266538 -0.8850665288784683 -0.05916599049588811
4 19 1.492341785075051 0.48317319626944943 -1.7590763311506885 0.9113436711291971 -1.3769912217130749 0.057318561652040856 -1.6941171744618764 1.1501041834416057 -0.11673118111048986 0.578324974021637 -0.9767534698456988
5 11 1.6731416754393442 1.8589595243571901 0.20824105245759128 1.204907506882976 -1.2742738127702191 -0.36978828270932507 -1.7090917670263046 -1.0554571472361642 -1.1156000556996508 0.6652493522301333 -1.2962524773068553
5 14 1.021246164225279 -1.1238270411908786 -0.6184054584140846 0.6856688645268392 -0.5934917113266538 0.5192842760114189 -1.1462831222244931 -0.8850665288784683 -0.05916599049588811 -0.2640770598457811 -0.724560549260933
5 19 1.6850171318591503 -0.05187632493936789 -2.026367367352811 0.8976554359628128 -1.485754099044752 0.5253653982432382 -1.6693339925623603 1.1364159482752232 -0.9265146311265555 0.030073754019026566 -1.4455733956579584
6 9 0.9390669319325097 1.161824481269245 -0.6204239523179744 0.14752626771131538 -0.9578628417607602 -0.8749770209616443 -0.4058772954544727 0.6997187686306585 0.01950560446898919 -0.5051887382523184 0.5469386141481678
6 11 1.1653418122199637 0.6527150059636337 -1.504801455908928 1.2049075068829769 -0.5274330096791786 -1.0554571472361651 -0.3256264554455939 -0.36978828270932596 -0.9528159096026405 0.5051887382523184 -0.5469386141481678
6 13 0.9515178313266768 -1.0700724165228133 -0.18361048997818585 0.36978828270932596 0.9528159096026405 0.08209702099736305 -0.7515672061464951 -0.6856688645268392 0.6271894541570466 0.8749770209616443 0.4058772954544727
6 14 1.0787658653336174 1.5606458854884835 -0.22131215870257392 0.6856688645268392 -0.6271894541570466 1.0554571472361651 0.3256264554455939 -0.3844035519959741 -0.8107999441352325 -0.8850665288784674 -0.0497437348316323
6 15 1.0411896830321228 -0.23876051231241036 -1.3586353238365092 0.5006629768824933 -0.7610562093036002 -1.1364159482752232 0.12711877520824277 -0.6110505500319849 -0.6409553948726465 0.8850665288784674 0.0497437348316323
6 17 0.9855438197234718 1.0700724165228133 0.18361048997818585 -0.7394234891949036 -0.597579114532909 0.6613603112701778 -0.8576316098076298 0.3844035519959741 0.8107999441352325 -0.5006629768824933 0.7610562093036002
6 18 0.9871418863794454 1.2473375957134145 0.7172508558909598 1.0085770834010042 -0.6413844679455494 0.10322386486966906 -0.8025341887859607 0.6362870456814296 0.0762954610183133 0.11092164743819133 0.8443696310992026
6 19 1.2616967588981485 0.8976554359628128 -1.485754099044752 1.1364159482752232 -0.12711877520824277 -0.007697782568522271 -1.6469038198851633 0.5253653982432382 -0.7680741700808893 -0.11092164743819133 -0.8443696310992026
6 42 0.8586635714321853 -0.5330631808117605 -0.878829649804274 0.6110505500319849 0.6409553948726465 -0.5253653982432382 0.7680741700808893 0.3722900377195746 -0.7176799289638627 -0.6362870456814296 -0.0762954610183133
7 9 1.0324210157469245 -0.6313406570824842 -1.1713753937503197 -0.8749770209616434 -0.4158198570659728 1.1618244812692442 -0.5873017912743235 0.6997187686306576 1.279885248655077E-4 -0.5051887382523184 0.6973592521479155
7 13 0.9740308301589378 0.36978828270932507 1.1131791092138883 0.8749770209616434 0.4158198570659728 -0.40871210525263635 -0.8931447150195657 0.2436363638791592 -0.7555555366843469 -0.6856688645268392 0.6608871969874359
7 14 1.2237445995965532 0.2769567592742028 -1.5540319120070016 1.0554571472361642 0.4522919122264524 -1.3132673013550207 -0.8300899495154717 0.6856688645268392 -0.6608871969874359 -0.8850665288784683 -0.04032147916737472
7 15 1.2176859839322478 1.5707353934053074 -0.6205657178200612 -0.9689646723223717 0.1201222339562511 0.5006629768824933 -1.560452065221913 0.8850665288784683 0.04032147916737472 -0.4282007724765524 -0.7897684703480969
7 17 0.9528731818219456 1.3137087804019734 0.1843308107175048 -0.2872093898473205 -0.8993277321277837 -0.9288637493590457 0.770683594873816 -0.5426890008944874 -0.30748774626273967 0.6613603112701778 0.046741632382286014
7 18 1.2654020731170568 0.2783729233910428 1.6367689457655237 1.2053115717014204 -0.35129309967538 0.8271370227143606 -1.2597063460835347 0.8191368232368621 0.7268782414611756 0.10322386486966906 -0.8025341887859607
7 19 1.5488788579832347 0.9269386483103776 -1.9880620454409037 1.85403120120084 -0.07980075478887638 -0.2783729233910428 -1.6367689457655237 0.5407638998458193 -0.909890704304348 0.9689646723223717 -0.1201222339562511
7 32 0.9762219179063806 -0.2638534217059254 -1.2498432215702433 0.39935088345665104 -1.1189777601420356 -0.6523484691317956 -0.13758917833521878 0.7788669247937996 -0.5527058670456064 -0.2436363638791592 0.7555555366843469
7 41 0.9490307466186554 -1.2040493121646652 -0.3542293786450257 0.40871210525263635 0.8931447150195657 0.38849504742587015 -1.1122540432350245 -0.6613603112701778 -0.046741632382286014 0.6523484691317956 0.13758917833521878
7 42 1.080835771000638 0.9288637493590457 -0.770683594873816 0.38617474846455835 -1.0781713411365557 -0.8191368232368621 -0.7268782414611756 -0.5407638998458193 0.909890704304348 0.4282007724765524 0.7897684703480969
8 9 1.073065800850324 1.1618244812692442 -0.5873017912743235 0.4308710405665117 -1.0629434574671377 -1.1931492895919318 -0.45776554105302036 0.6997187686306576 1.279885248655077E-4 -0.8749770209616443 0.3404560003576913
8 13 1.1105683519191951 -1.0700724165228133 -0.9822152204249583 0.36978828270932596 1.2735423088251379 -0.31817226863028747 -0.7982215414107117 -0.6856688645268392 0.6945849398178288 0.8749770209616443 -0.3404560003576913
8 15 1.171094812970699 1.252563124775019 -0.6625114018071088 -0.9689646723223717 0.9300213657633511 -0.4282007724765524 -0.7897684703480969 0.5006629768824933 -0.8465050808213554 0.8850665288784674 0.8302950794214317
8 17 0.9178803033698906 -0.5426890008944874 -1.0214347306632972 -0.5006629768824933 0.8465050808213554 -0.9288637493590457 0.05673661047325851 -0.05996508414613011 -0.7421719571997034 0.7519001478925258 0.18399367901424668
8 18 1.2297770239713242 1.2053115717014187 -1.0375790150496327 1.2473375957134127 0.8303607964350199 0.8271370227143588 -1.2607019713700796 0.8191368232368603 0.04059232608692298 0.10322386486966728 -0.7247668927600035
8 32 1.030320557481843 -0.2638534217059254 -1.2498432215702433 1.062211697648996 0.10843193628318204 -0.8448373016534356 -0.9243661440506692 -0.5618086325094476 0.7136098526972994 0.4451061922037587 -0.4681551726214135
8 37 1.061477643418249 0.03328056668084933 -1.4806019523622256 1.1020877068317514 -0.3128121222896292 0.7239131578446916 -0.535935078610076 -0.10322386486966728 0.7247668927600035 0.715912958367193 0.7653592188469265
8 41 1.0102363616391128 1.1931492895919318 0.45776554105302036 0.5618086325094476 -0.7136098526972994 -0.8118652320386559 -0.9261656362139501 -0.7519001478925258 -0.18399367901424668 0.31817226863028747 0.7982215414107117
8 42 0.9684728208781038 0.38617474846455835 -1.0781713411365557 0.9288637493590457 -0.05673661047325851 -0.715912958367193 -0.7653592188469265 0.4282007724765524 0.7897684703480969 -0.8191368232368603 -0.04059232608692298
9 13 0.99290584522541 -1.0700724165228133 -0.26826823602440086 0.3471850889103747 -0.9940877689519398 -0.31817226863028747 -0.7982215414107117 -0.6856688645268392 0.6945849398178288 0.8749770209616443 0.42576241867747466
9 16 0.976764945473867 -1.18865809489321 0.33675628066029617 0.5593424777026961 1.0345589806745181 -0.4199198373046098 -0.5170350399365002 0.49937739355656596 -0.42155996092574277 -1.0854342300235427 -0.38801061209970733
9 17 1.0378991856018251 1.0700724165228133 0.26826823602440086 -0.5664184476984104 0.9292449561826164 -1.0316838638311445 0.14189734196292392 0.3844035519959741 0.9628531758422296 0.7519001478925258 -0.5299533053863108
9 18 1.192362595864796 0.11283631791509308 -1.7380324648518677 1.18865809489321 -0.33675628066029617 0.7687382575886001 -0.8537913205967964 0.10322386486966728 -0.7247668927600035 0.7163167087647615 0.8397000419771459
9 32 0.9552465216440865 -0.3471850889103747 0.9940877689519398 0.9586629726177813 0.3462743720742987 0.910944164089222 -0.46482198041198153 -0.3674021467371391 -0.9168322587064219 -0.6653573575406622 0.19586622754122818
9 37 1.0322331539281937 1.5848116235801086 -0.03354934882603544 1.0854342300235427 0.38801061209970733 0.009612453045425795 -1.0132655720918642 0.6655143927189329 -0.1290244278367929 -0.10322386486966728 0.7247668927600035
9 41 0.9712614456187258 -0.8118652320386559 -0.9261656362139501 -0.7519001478925258 0.5299533053863108 0.29795521080352305 -1.11269848624765 0.6653573575406622 -0.19586622754122818 0.31817226863028747 0.7982215414107117
9 42 1.1928494634574225 1.4160874158271186 0.8209558338793057 0.47234138612844845 -1.176456322637442 -0.7163167087647615 -0.8397000419771459 1.0316838638311445 -0.14189734196292392 0.4652654161327341 0.7873476142196925
10 16 1.0509434991741649 -0.355704343970066 -1.2151082551099162 -1.124442601558668 0.3249689808611329 0.8166489267763213 -0.6420412704726068 -1.0212187366889989 -0.3220306158729134 0.6235579710372399 0.3364857655011022
10 17 1.033851650395624 1.008501490373244 1.0220335798648983 1.4161787657439966 -0.0917983464327925 0.19309095573908142 -0.978527035973709 -0.6235579710372399 -0.3364857655011022 0.5137861211000061 0.3256969815444286
10 18 1.278828578344659 1.7480005725959078 0.011516784639969302 1.124442601558668 -0.3249689808611329 0.7687382575886019 -1.540077235971049 0.5369085740524131 0.959133320431707 0.10322386486966906 -0.6469995967340463
10 32 1.1809007538522316 -1.4161787657439966 0.0917983464327925 -0.4076772753707525 1.1138319262976908 -0.16881754851897846 -1.2920348674538102 0.9597417123069727 -0.2877468144204478 -0.9023926446439905 0.4174953279772211
10 37 1.255021255195152 1.6447767077262387 0.6585163813740156 0.6655143927189329 -0.8930776392370028 0.43368470918274404 1.6061329171657532 1.0212187366889989 0.3220306158729134 -0.10322386486966906 0.6469995967340463
10 41 1.023187433539472 -0.3206951653609247 -1.3042240175181377 -1.137344092137246 -0.6621827470455308 0.9023926446439905 -0.4174953279772211 -0.5137861211000061 -0.3256969815444286 0.494715369273238 0.6963365983204697
10 43 1.110563866644244 -1.0542702614859367 0.4053061779128937 0.9655850006752722 -0.581433288747566 -0.7784897384764804 -0.7840960882476766 1.0808404522973918 0.19319170054708223 0.3085877235984711 -1.0488494904932173
10 48 1.1230895685709268 -0.5510455508990963 -1.0983026573904073 0.2757805230094563 -1.1894022661605703 1.0542702614859367 -0.4053061779128937 -0.19309095573908142 0.978527035973709 -0.8166489267763213 0.6420412704726068
11 16 1.0590032977957868 0.6570439445498799 -1.02132395079592 0.4004495384120652 1.0058110633766244 1.004397321789023 0.19901879138616874 -0.982719619068062 0.2396156791897921 -0.40030875683750544 -0.8753787424459807
11 32 1.092406131755549 0.9617892936669286 -0.9448422164733952 0.9597417123069727 0.46783924652674 1.085166183183123 -0.2641728106699226 -0.26906900870803874 -0.8513767961497489 -1.0353394149922135 -0.04566862768214097
11 36 1.0947786846790415 0.34735337723914306 1.2203427421820887 -0.6570439445498799 1.02132395079592 1.1136237835233178 0.41463457371448076 0.5929202636951381 -0.4343187397111805 -1.0573527013873854 0.1459452083499393
11 37 1.2675321651495177 -0.012624236810646394 -1.702410739726015 1.3831691574801273 0.7661953841868323 0.5824108622305566 -1.1149944216357728 0.982719619068062 -0.2396156791897921 -0.1417229824906041 0.7716392170455935
11 43 1.084683971098554 1.2308583023749673 -0.09346542032364624 -0.7662704062841748 0.805708168467608 -1.1136237835233178 -0.41463457371448076 0.26906900870803874 0.8513767961497489 -0.5207035198281798 -0.8489533134256613
11 44 1.1081314962631381 -0.12440964868916815 -1.4111621018204366 -0.5824108622305566 1.1149944216357728 -0.595035099041203 -0.5874163180902423 1.0573527013873854 -0.1459452083499393 0.40030875683750544 0.8753787424459807
11 48 1.0897590506158943 -0.34735337723914306 -1.2203427421820887 1.0353394149922135 0.04566862768214097 0.7662704062841748 -0.805708168467608 -1.004397321789023 -0.19901879138616874 -0.6039477833769578 0.8067922719904557
12 12 0.9780348727225917 -1.1719370306247194 -0.3974866252338236 0.3470927680102145 1.0503084217114393 -0.6512335107965397 0.45146668819183766 0.6903466910697178 -0.6754430127414643 -0.10877340364151156 -0.7807135258968856
12 16 1.0532308413339606 1.0569411952416914 0.40099639511557594 -1.0718987281059968 0.312206267963119 -0.09078102460194426 -0.974798366891501 0.22988497923955986 0.9760877329798805 -0.9301757456153927 -0.45943294908247445
12 30 1.1215966301618516 -0.7292572700987163 1.0809248628798631 1.2964309252590285 0.0177452474294304 -0.9983262788067542 -0.5988417335196017 -0.3470927680102145 -1.0503084217114393 0.4074592350084636 0.6143316268965613
12 36 1.222615090525869 -1.6523878004285901 0.31478761679371914 0.3074584447851727 -1.3800184316419788 -0.8003688426044935 0.7455742121766855 0.5929202636951381 -0.4343187397111805 1.1136237835233178 0.41463457371448076
12 37 1.1197746703337015 1.1600607248549526 1.435520682062355 0.9301757456153927 0.45943294908247445 0.8393947210134485 -0.5153654178090266 -0.01262423681064817 -0.9461520131919929 -0.1417229824906041 0.7716392170455935
12 43 1.0974217679886018 0.5424601071550281 -1.2321802140887232 0.9983262788067542 0.5988417335196017 -1.1136237835233178 -0.41463457371448076 0.6512335107965397 -0.45146668819183766 -0.5207035198281798 -0.8489533134256613
12 44 1.126177105440101 -0.9811177035040526 1.28700463485462 0.8003688426044935 -0.7455742121766855 -0.8393947210134485 0.5153654178090266 0.09078102460194426 0.974798366891501 -0.8520189578240966 -0.4307865953829664
12 49 1.3848349776062066 0.9427999824260409 1.4055849622744674 1.6523878004285901 -0.31478761679371914 0.4706254503520366 -1.5800045102642164 0.01262423681064817 0.9461520131919929 0.8520189578240966 0.4307865953829664
13 12 1.136016081367621 -1.2384348546481645 -0.7324232053645456 0.3470927680102145 1.0503084217114393 -1.357076106247595 0.2560934774358756 -0.10877340364151156 -0.7807135258968856 0.6903466910697178 -0.6754430127414643
13 16 0.9954444510544669 1.0569411952416914 0.40099639511557594 0.22988497923955986 0.9760877329798805 0.6303820941595681 -0.9055462788453443 -0.5536295105357381 -0.5233417657674737 -0.9301757456153927 0.3046202623177354
13 30 1.157381333111386 0.23048444220825726 1.475960370104075 1.2964309252590285 0.0177452474294304 -1.133649745918217 0.2112119905532932 0.4074592350084636 0.6143316268965613 -0.3470927680102145 -1.0503084217114393
13 35 1.1849398397757185 1.2483027026060833 -1.0368070033327612 1.357076106247595 -0.2560934774358756 0.5705191283395923 1.005426934828857 0.1186412515994304 -0.9885166828004213 -0.4869869119152437 0.5955649372643235
13 36 1.125082879651309 0.42655910108212325 1.3065426739609203 1.057506040254836 0.40986199756453345 -1.1840116046953062 0.3822045130778706 0.4869869119152437 -0.5955649372643235 -0.6303820941595681 0.9055462788453443
13 43 1.2052776462134909 0.7865569779080026 -1.2615204122647325 1.133649745918217 -0.2112119905532932 -0.5705191283395923 -1.005426934828857 -1.057506040254836 -0.40986199756453345 -0.6309469391727127 0.8966806763963868
13 44 1.0788241556511557 -0.34633871356191825 1.4741460865627207 -0.38917047189030285 -0.8822431965069937 1.1840116046953062 -0.3822045130778706 0.5536295105357381 0.5233417657674737 -0.3765462350796547 0.8279620280852091
13 49 1.4004979927480035 0.01262423681064817 1.7102052245922028 0.9427999824260409 1.4055849622744674 0.38917047189030285 0.8822431965069937 1.573182076585609 0.500038683429123 0.4706254503520366 -0.8649979616134251
14 12 1.2377722015881802 -1.560617969587872 -0.6585987960620683 0.5021782402983845 1.2411073946155824 -1.0453945815708678 0.46988909719879235 1.0020282157464449 -0.3893617422210349 0.07714093875520689 -0.931762323321248
14 30 1.219975664947125 0.38708049459681515 1.5752468038673872 -0.5021782402983845 -1.2411073946155824 -0.9770536935296592 0.40566695138930964 1.0758838452541912 -0.10503896492301035 0.6377567086018923 0.7702311488533651
14 35 1.2547297388973775 -1.670998516610549 0.2984731762995443 -0.5152233880170041 -1.1284878932608606 0.5705191283395932 1.1768852488060997 -0.4869869119152428 0.7349355345584438 1.0453945815708678 -0.46988909719879235
14 36 1.1127710676153657 0.3360290031673383 1.3843425181951603 1.057506040254836 0.44194971424765583 -1.1840116046953062 -0.43646235825889956 -0.46285392616316035 0.7124958410667368 0.4869869119152428 -0.7349355345584438
14 44 1.1451036671818635 -0.34633871356191825 1.4741460865627207 0.7211576785321459 1.1489581993256364 -0.3765462350796547 0.8279620280852091 -0.41208137225992125 -0.5449857989059748 1.1840116046953062 0.43646235825889956
14 49 1.4057736429095218 1.5960929769552274 0.9814481571648743 1.5678565008534662 -0.8819752706544302 0.41208137225992125 0.5449857989059748 0.493536350721655 -1.202255359214444 0.035535137180266574 1.372947826991184
15 12 1.349092904657501 -1.1257519654415784 1.183414391191702 1.5780620855525758 0.4041176391605932 0.5021782402983845 1.2394718355058068 -1.0453945815708678 -0.2620616933331865 1.0020282157464457 -0.36973060795285306
15 34 1.354521386973662 -0.28141508310191643 1.757882020148526 -1.395388764696798 0.41275238350116705 -1.2204586852842896 1.258653384536581 -0.8459455171667036 -0.6168820103425352 0.6684257549764867 0.31045064452334525
15 35 1.3538907548944017 -1.5143712721431903 -0.9273326548658805 -0.9498408380784031 1.4474313756251806 -0.08035738387071056 1.4454760845248886 -0.6684257549764867 -0.31045064452334525 1.0453945815708678 0.2620616933331865
15 38 1.668658103913457 0.5645304340647872 2.374764030491061 1.5143712721431903 0.9273326548658805 -0.37451316811758595 1.8755353948791162 -0.5494432475300943 1.0296343938437023 0.8459455171667036 0.6168820103425352
15 44 1.1889773435175364 1.2204586852842896 -1.258653384536581 -0.12845278991169273 1.5107024382232819 -0.17493007941250838 -0.845901001035414 0.9390436021823731 0.49922863561194486 -0.11430371355950086 0.7394465367544716
15 49 1.3638072824402379 1.1139736815948815 1.3451296366473589 1.395388764696798 -0.41275238350116705 0.06062636585300751 1.5853475377898856 0.5494432475300943 -1.0296343938437023 0.17493007941250838 0.845901001035414
16 12 1.222661819738317 1.1115620427258435 -1.2047514349936392 0.5021782402983845 1.2394718355058068 -1.045394581570867 0.41723458070946506 -0.1175523663237037 -0.9314744491761893 1.0020282157464449 0.38185131684730944
16 31 1.439386944189233 1.1195805820701485 1.3133257660234987 -1.5962679702236509 0.3589621113196575 -0.9278422152471633 1.3487090298856543 1.2291144090495472 -0.27327698581744997 0.1175523663237037 0.9314744491761893
16 34 1.3683566358239896 -0.6681416334055603 1.5681594294113905 1.5962679702236509 -0.3589621113196575 -1.395388764696798 0.41275238350116705 0.6684257549764876 0.9897469185659968 -0.8459455171667036 0.09812453830825607
16 35 1.3654429011018538 -0.08035738387071145 1.5848466818190072 0.5705191283395896 1.3483435627833402 -1.336567388382048 0.5784125108453937 -0.6684257549764876 -0.9897469185659968 1.045394581570867 -0.41723458070946506
16 38 1.430042496307999 0.5645304340647872 2.3607780545246584 1.5143712721431912 0.8916223802577408 0.1778038837611433 1.4700348911031345 -0.5494432475300943 0.314627845192911 0.8459455171667036 -0.09812453830825607
16 49 1.5316827312317032 2.0638145196732856 0.5769945350648298 1.395388764696798 -0.41275238350116705 -0.020028865646338545 2.061827652011222 0.5494432475300943 -0.314627845192911 0.7272471312912376 1.1554070459102235
17 12 1.205804762791963 1.5780620855525758 0.3255240558087751 0.5021782402983845 1.237836276396031 -1.0453945815708678 0.364580064220136 -0.1175523663237037 -0.9057452643290098 1.0020282157464449 -0.3500994736846694
17 31 1.3624185013510388 -1.7394989576167 0.49065368658375785 1.2291929700728712 -0.31294618809243335 -0.9278422152471641 1.2703253285491458 1.1195805820701485 0.5556457906443404 0.1175523663237037 0.9057452643290098
17 34 1.2264312819463488 1.7394989576167 -0.49065368658375785 0.8116567423695358 0.779671641965388 -1.2521577773037507 0.2796395593919323 -0.5249106460125113 0.6787878787681318 -0.7027145297736546 -0.7912470123350026
17 38 1.673667309848799 -0.5694721131764329 2.376455497204133 1.5143712721431903 1.5709186543003906 0.1778038837611433 1.4700348911031345 0.7027145297736546 0.7912470123350026 -0.5494432475300961 1.070886571726935
17 49 1.3490896702265172 2.0638145196732864 0.5000320825734557 1.2521577773037507 -0.2796395593919323 -0.02002886564633677 1.305568925477198 0.5494432475300961 -1.070886571726935 0.7272471312912394 0.39914831937619955
18 12 1.2210030594138672 1.5780620855525758 0.9788812629889359 1.0074587918945106 -0.5504995985750742 -1.0453945815708678 0.364580064220136 -0.1175523663237037 -0.9057452643290098 1.0020282157464457 0.4014824511154913
18 31 1.490642384166227 -1.8455050815599128 0.9284172293752189 1.1195805820701494 1.3072277154445011 -0.9278422152471641 1.2703253285491458 0.1175523663237037 0.9057452643290098 1.1250111582182143 0.35524566575393557
18 34 1.2246092595489289 -0.03217797176565451 1.8327880720825833 -1.1461516533605378 -0.1581239833995287 -0.7721581598160716 -1.0190440741438227 0.9176628663127486 0.34190809917392695 -0.13486674368652185 0.8646791460598386
18 38 1.7989496947625618 2.6176632413759844 0.09062684476860383 1.6898210261288202 1.3609521733177496 -0.3739934935444662 0.860920090744294 0.6372914161295498 1.8837232202036613 0.7721581598160716 1.0190440741438227
18 49 1.5454476505036894 2.0638145196732864 0.5000320825734557 1.011284909674016 1.0228031294593674 -0.02002886564633677 2.0696221368774084 1.1461516533605378 0.1581239833995287 0.3739934935444662 -0.860920090744294
19 31 1.4845505351797619 -1.8747765947258674 0.9097703161501274 0.9293210859997316 1.2766493243308052 -0.9278422152471633 1.1919416272126382 0.1175523663237037 0.8800160794818304 1.3252362411534753 0.312078443580349
19 38 2.323237896380811 2.6176632413759844 0.8483068201477622 1.6898210261288211 2.0402484473604003 -0.37399349354446443 1.617178817278317 0.6372914161295498 2.56901351029137 0.7428866466501169 1.7580771362978895
20 31 1.7012611135063918 -0.9278422152471641 1.8712379012552889 0.6953573747862318 1.96508565696469 -1.8747765947258674 0.9097703161501274 0.1175523663237037 0.8800160794818304 1.3252362411534753 0.312078443580349
20 38 2.019872688068832 1.6513362128551847 2.0055746353624597 2.579178428102349 0.13433673410717084 -0.4124783068181017 1.6594674577717488 0.7044018333764814 1.0441070502572982 0.5988066028559142 1.8550434242507787
